1420
1 3
1 111 386 
2 3
1 111 466 
3 3
1 171 225 
4 3
1 171 745 
5 3
1 225 577 
6 3
1 386 745 
7 3
1 466 577 
8 3
2 168 622 
9 3
2 203 278 
10 3
2 203 818 
11 3
2 233 764 
12 3
2 233 810 
13 3
2 278 764 
14 3
2 622 818 
15 3
3 55 119 
16 3
3 55 548 
17 3
3 74 119 
18 3
3 74 735 
19 3
3 548 735 
20 3
4 67 292 
21 3
4 67 390 
22 3
4 267 299 
23 3
4 267 390 
24 3
4 292 428 
25 3
4 299 428 
26 3
5 18 633 
27 3
5 18 668 
28 3
5 105 305 
29 3
5 105 668 
30 3
5 305 359 
31 3
5 359 633 
32 3
6 32 450 
33 3
6 37 122 
34 3
6 37 801 
35 3
6 122 205 
36 3
6 205 450 
37 3
7 144 528 
38 3
7 144 692 
39 3
7 297 524 
40 3
7 297 692 
41 3
7 357 670 
42 3
7 524 670 
43 3
8 82 536 
44 3
8 82 821 
45 3
8 128 536 
46 3
8 128 563 
47 3
8 177 329 
48 4
8 177 517 703 
49 3
8 329 563 
50 3
8 517 821 
51 3
9 129 590 
52 3
9 490 590 
53 3
9 490 732 
54 4
10 219 248 635 
55 3
10 219 403 
56 3
10 248 677 
57 3
10 255 268 
58 3
10 255 430 
59 3
10 268 653 
60 3
10 403 653 
61 3
10 430 677 
62 3
11 101 164 
63 4
11 101 543 768 
64 3
11 164 366 
65 3
11 366 790 
66 3
11 489 790 
67 3
11 489 850 
68 3
11 543 657 
69 3
11 556 657 
70 3
11 556 850 
71 3
12 135 175 
72 3
12 135 398 
73 4
12 175 201 711 
74 3
12 201 379 
75 3
12 379 398 
76 4
13 23 147 769 
77 3
13 23 761 
78 3
13 147 662 
79 3
13 598 826 
80 3
13 662 826 
81 3
14 87 237 
82 3
14 87 436 
83 3
14 237 529 
84 3
14 436 758 
85 3
14 529 534 
86 3
14 534 758 
87 3
15 68 83 
88 3
15 83 176 
89 3
15 176 455 
90 3
15 213 700 
91 3
15 455 700 
92 3
16 83 451 
93 3
16 83 639 
94 3
16 94 639 
95 3
16 223 537 
96 3
16 451 537 
97 3
17 359 604 
98 3
17 359 690 
99 3
17 370 600 
100 3
17 471 690 
101 3
17 471 737 
102 3
17 600 737 
103 3
18 362 418 
104 3
18 362 633 
105 3
19 56 681 
106 3
19 56 698 
107 3
19 98 452 
108 3
19 98 681 
109 3
19 400 750 
110 3
19 452 750 
111 4
20 49 320 652 
112 3
20 49 585 
113 3
20 221 320 
114 3
20 295 423 
115 3
20 295 601 
116 3
20 585 601 
117 3
21 147 544 
118 3
21 147 566 
119 3
21 361 484 
120 3
21 544 580 
121 3
21 566 829 
122 3
22 59 528 
123 3
22 59 554 
124 3
22 112 624 
125 3
22 112 756 
126 3
22 144 492 
127 3
22 144 528 
128 3
22 492 756 
129 3
22 498 554 
130 3
22 498 624 
131 3
23 38 654 
132 3
23 38 741 
133 3
23 147 654 
134 3
24 59 435 
135 3
24 59 554 
136 3
24 149 340 
137 3
24 149 495 
138 4
24 283 495 830 
139 3
24 283 554 
140 3
24 340 435 
141 3
25 65 513 
142 3
25 65 760 
143 3
25 141 231 
144 3
25 141 303 
145 3
25 231 760 
146 3
25 296 303 
147 3
25 296 513 
148 3
26 155 647 
149 3
26 155 739 
150 3
26 384 739 
151 3
26 384 846 
152 3
26 602 649 
153 3
26 602 846 
154 3
26 647 649 
155 4
27 235 397 440 
156 3
27 235 716 
157 4
27 246 397 607 
158 3
27 499 752 
159 3
27 558 716 
160 3
27 558 752 
161 3
28 84 114 
162 3
28 84 839 
163 3
28 114 595 
164 3
28 325 337 
165 3
28 337 839 
166 3
29 63 640 
167 3
29 63 833 
168 3
29 374 408 
169 3
29 408 659 
170 3
29 620 640 
171 3
29 620 659 
172 3
30 69 539 
173 3
30 71 142 
174 3
30 71 777 
175 3
30 142 539 
176 3
30 367 777 
177 3
31 107 464 
178 3
31 107 708 
179 3
31 327 599 
180 3
31 327 708 
181 3
31 464 519 
182 3
31 519 599 
183 3
32 284 387 
184 3
32 284 776 
185 3
32 450 776 
186 3
33 55 119 
187 3
33 55 327 
188 3
33 119 358 
189 3
33 327 599 
190 3
33 343 599 
191 3
33 343 805 
192 3
33 358 626 
193 3
33 626 779 
194 3
33 779 805 
195 4
34 135 188 771 
196 3
34 135 398 
197 3
34 146 182 
198 3
34 146 460 
199 3
34 188 460 
200 3
35 61 483 
201 3
35 61 592 
202 3
35 94 306 
203 3
35 94 751 
204 3
35 306 592 
205 3
35 483 751 
206 3
36 246 616 
207 3
36 246 822 
208 3
36 302 616 
209 3
36 302 673 
210 3
36 396 473 
211 3
36 396 673 
212 3
36 553 822 
213 3
37 122 165 
214 3
37 152 165 
215 4
37 152 584 709 
216 3
37 709 801 
217 3
38 158 348 
218 3
38 158 566 
219 3
38 163 699 
220 3
38 163 741 
221 3
38 348 699 
222 3
38 566 654 
223 3
39 54 274 
224 3
39 54 441 
225 3
39 83 330 
226 3
39 83 451 
227 3
39 274 451 
228 3
39 330 441 
229 3
40 123 656 
230 3
40 187 814 
231 3
40 301 656 
232 3
40 301 722 
233 3
40 722 814 
234 3
41 56 200 
235 3
41 56 399 
236 3
41 200 421 
237 3
41 399 421 
238 3
42 124 290 
239 4
42 124 342 515 
240 3
42 258 608 
241 3
42 258 613 
242 3
42 290 613 
243 3
42 342 608 
244 3
43 65 211 
245 4
43 65 650 837 
246 3
43 66 211 
247 3
43 66 338 
248 3
43 338 691 
249 3
43 412 650 
250 3
43 412 691 
251 3
44 68 345 
252 3
44 68 712 
253 4
44 70 291 646 
254 3
44 70 415 
255 3
44 208 291 
256 3
44 208 345 
257 3
44 232 415 
258 3
44 232 815 
259 3
44 712 815 
260 3
45 240 273 
261 3
45 240 568 
262 3
45 273 605 
263 3
46 87 315 
264 3
46 87 591 
265 3
46 131 315 
266 3
46 131 410 
267 3
46 410 591 
268 3
47 76 128 
269 3
47 76 288 
270 3
47 82 462 
271 3
47 82 536 
272 3
47 128 536 
273 3
47 288 462 
274 3
48 120 638 
275 3
48 120 763 
276 3
48 253 512 
277 3
48 253 671 
278 3
48 269 512 
279 3
48 269 638 
280 3
48 383 671 
281 3
48 383 763 
282 3
49 320 507 
283 3
49 324 339 
284 3
49 324 507 
285 3
49 339 757 
286 3
49 585 757 
287 3
50 98 578 
288 3
50 98 782 
289 3
50 170 813 
290 3
50 239 578 
291 3
50 239 824 
292 3
50 439 782 
293 3
50 439 813 
294 3
51 77 92 
295 3
51 77 185 
296 4
51 92 112 694 
297 3
51 112 624 
298 3
51 185 624 
299 3
52 90 137 
300 3
52 90 395 
301 3
52 137 406 
302 4
52 395 473 840 
303 3
52 406 420 
304 3
52 420 473 
305 3
53 143 308 
306 3
53 143 817 
307 3
53 172 629 
308 3
53 172 688 
309 3
53 308 731 
310 3
53 448 642 
311 3
53 448 688 
312 3
53 552 642 
313 3
53 552 817 
314 3
53 629 731 
315 4
54 60 432 799 
316 3
54 60 610 
317 3
54 230 274 
318 4
54 230 432 836 
319 3
54 411 441 
320 3
54 411 610 
321 3
55 327 708 
322 3
55 548 555 
323 3
55 555 708 
324 3
56 200 560 
325 3
56 360 399 
326 3
56 360 681 
327 3
56 560 698 
328 3
57 95 409 
329 3
57 409 609 
330 3
58 89 697 
331 3
58 89 795 
332 3
58 128 563 
333 3
58 128 697 
334 3
58 329 562 
335 3
58 329 563 
336 3
58 562 795 
337 3
59 357 435 
338 3
59 357 749 
339 3
59 528 749 
340 3
60 413 414 
341 3
60 413 610 
342 3
60 414 644 
343 3
60 432 644 
344 3
61 210 288 
345 3
61 210 592 
346 3
61 288 483 
347 3
62 115 778 
348 3
62 115 793 
349 3
62 129 449 
350 3
62 129 793 
351 3
62 197 449 
352 3
62 197 457 
353 3
62 457 778 
354 3
63 261 444 
355 3
63 261 645 
356 3
63 444 640 
357 3
64 79 157 
358 3
64 79 535 
359 3
64 157 577 
360 3
64 173 535 
361 3
64 173 746 
362 3
64 351 577 
363 3
64 351 746 
364 3
65 443 513 
365 4
65 443 650 804 
366 3
66 211 356 
367 3
66 338 394 
368 3
66 356 394 
369 3
67 222 260 
370 3
67 222 702 
371 3
67 260 390 
372 3
67 292 533 
373 3
67 510 533 
374 3
67 510 702 
375 3
68 83 330 
376 3
68 330 345 
377 3
69 120 193 
378 3
69 120 275 
379 3
69 193 539 
380 3
69 275 636 
381 3
69 625 636 
382 3
70 121 320 
383 3
70 121 369 
384 3
70 221 291 
385 3
70 221 320 
386 3
70 369 415 
387 3
71 75 371 
388 3
71 75 777 
389 3
71 142 290 
390 3
71 281 371 
391 3
71 281 392 
392 3
71 290 392 
393 3
72 203 687 
394 3
72 203 754 
395 3
72 251 445 
396 3
72 251 797 
397 3
72 387 445 
398 3
72 387 648 
399 3
72 648 754 
400 3
72 687 797 
401 3
73 88 314 
402 3
73 88 734 
403 3
73 264 734 
404 3
73 264 834 
405 3
73 314 549 
406 3
73 549 834 
407 3
74 119 358 
408 3
74 207 434 
409 3
74 207 735 
410 3
74 358 631 
411 3
74 434 631 
412 3
75 237 371 
413 3
75 237 529 
414 3
75 367 684 
415 3
75 367 777 
416 3
75 529 725 
417 3
75 684 725 
418 3
76 89 697 
419 3
76 89 740 
420 3
76 128 697 
421 3
76 288 483 
422 3
76 483 740 
423 3
77 92 465 
424 3
77 148 416 
425 3
77 148 501 
426 3
77 185 416 
427 3
77 352 465 
428 3
77 352 501 
429 3
78 97 324 
430 3
78 324 339 
431 2
78 500 
432 3
79 157 304 
433 3
79 304 747 
434 3
79 535 747 
435 4
80 96 169 385 
436 3
80 96 630 
437 3
80 169 581 
438 3
80 317 521 
439 3
80 317 630 
440 3
80 521 581 
441 3
81 116 307 
442 3
81 116 803 
443 3
81 243 553 
444 3
81 243 803 
445 3
81 280 307 
446 3
81 280 395 
447 3
81 395 553 
448 3
82 264 430 
449 3
82 264 734 
450 3
82 430 821 
451 3
82 462 734 
452 3
83 176 639 
453 3
84 114 538 
454 3
84 380 461 
455 3
84 380 481 
456 3
84 461 816 
457 3
84 481 839 
458 3
84 538 816 
459 3
85 91 206 
460 3
85 91 628 
461 3
85 102 299 
462 3
85 102 628 
463 3
85 206 428 
464 3
85 299 428 
465 3
86 88 314 
466 3
86 88 492 
467 3
86 112 417 
468 3
86 112 756 
469 3
86 314 417 
470 3
86 492 756 
471 3
87 183 315 
472 3
87 183 427 
473 3
87 237 765 
474 3
87 427 765 
475 3
87 436 591 
476 3
88 289 492 
477 3
88 289 734 
478 3
89 223 537 
479 3
89 223 740 
480 3
89 274 451 
481 3
89 274 795 
482 3
89 451 537 
483 3
90 137 532 
484 3
90 153 280 
485 3
90 153 532 
486 3
90 280 395 
487 3
90 395 796 
488 3
91 108 206 
489 3
91 108 476 
490 3
91 189 586 
491 3
91 189 628 
492 3
91 476 586 
493 3
92 112 417 
494 3
92 178 417 
495 3
92 178 465 
496 3
93 133 268 
497 3
93 133 587 
498 3
93 196 403 
499 3
93 196 587 
500 3
93 268 653 
501 3
93 403 653 
502 3
94 201 306 
503 3
94 201 379 
504 3
94 379 639 
505 3
95 195 431 
506 3
95 300 409 
507 3
95 300 520 
508 3
95 431 520 
509 3
96 169 682 
510 3
96 171 682 
511 3
96 171 713 
512 3
96 713 827 
513 4
97 121 491 611 
514 3
97 121 507 
515 3
97 122 376 
516 3
97 122 729 
517 3
97 324 507 
518 3
97 376 491 
519 3
98 256 360 
520 3
98 256 782 
521 3
98 360 681 
522 3
98 452 578 
523 3
99 172 486 
524 3
99 172 567 
525 3
99 222 567 
526 3
99 222 579 
527 4
99 469 486 845 
528 3
99 469 579 
529 3
100 184 759 
530 3
100 253 730 
531 3
100 504 730 
532 3
100 504 773 
533 3
101 164 655 
534 3
101 346 655 
535 3
101 346 684 
536 4
101 367 543 842 
537 3
101 367 684 
538 3
102 299 505 
539 3
102 343 505 
540 3
102 343 805 
541 3
102 472 628 
542 3
102 472 808 
543 3
102 779 805 
544 3
102 779 808 
545 3
103 108 334 
546 3
103 108 476 
547 3
103 228 319 
548 3
103 228 334 
549 3
103 287 319 
550 3
103 287 476 
551 3
104 116 252 
552 3
104 116 307 
553 3
104 126 191 
554 3
104 126 307 
555 3
104 191 503 
556 3
104 252 272 
557 3
104 272 503 
558 3
105 107 464 
559 3
105 305 464 
560 3
106 375 789 
561 3
106 407 511 
562 3
106 407 732 
563 3
106 511 789 
564 3
107 555 708 
565 3
108 334 770 
566 3
109 208 291 
567 3
109 221 291 
568 3
109 411 423 
569 3
110 148 416 
570 3
110 148 682 
571 3
110 169 241 
572 3
110 169 682 
573 3
110 185 416 
574 3
110 185 606 
575 3
110 241 606 
576 3
111 362 633 
577 3
111 362 714 
578 3
111 386 690 
579 3
111 466 714 
580 3
111 633 690 
581 3
113 202 298 
582 3
113 202 743 
583 3
113 250 785 
584 3
113 250 832 
585 3
113 298 785 
586 3
113 368 443 
587 3
113 368 832 
588 3
113 443 743 
589 3
115 234 259 
590 3
115 234 778 
591 3
115 259 739 
592 4
115 384 718 739 
593 3
115 384 793 
594 3
116 252 541 
595 3
116 541 803 
596 3
117 180 413 
597 3
117 180 753 
598 3
117 295 423 
599 3
117 295 574 
600 3
117 413 423 
601 3
118 192 609 
602 3
118 209 319 
603 4
118 319 409 679 
604 3
118 409 609 
605 3
120 193 763 
606 3
120 275 540 
607 3
120 540 638 
608 3
121 320 507 
609 3
121 369 491 
610 3
122 165 729 
611 3
122 205 376 
612 3
123 166 266 
613 3
123 266 783 
614 3
124 290 392 
615 3
124 342 446 
616 3
124 392 696 
617 3
124 446 696 
618 3
125 231 356 
619 3
125 231 617 
620 3
125 356 366 
621 3
125 366 467 
622 3
125 467 755 
623 3
125 617 755 
624 3
126 174 294 
625 3
126 174 447 
626 3
126 191 294 
627 3
126 307 447 
628 3
127 216 286 
629 3
127 216 825 
630 3
127 235 397 
631 3
127 235 825 
632 3
127 286 663 
633 3
127 397 612 
634 3
127 612 663 
635 3
129 590 793 
636 3
130 219 399 
637 3
130 219 403 
638 3
130 229 403 
639 3
130 229 828 
640 3
130 360 399 
641 3
131 238 312 
642 3
131 238 365 
643 3
131 315 365 
644 3
132 156 523 
645 4
132 156 621 720 
646 3
132 523 742 
647 3
132 583 593 
648 3
132 583 621 
649 3
132 593 742 
650 3
133 268 389 
651 3
133 389 402 
652 3
133 402 587 
653 3
134 138 284 
654 3
134 138 419 
655 3
134 203 754 
656 3
134 203 818 
657 3
134 284 754 
658 3
134 419 475 
659 3
134 475 706 
660 3
134 622 706 
661 3
134 622 818 
662 3
135 175 701 
663 3
135 188 468 
664 3
135 468 717 
665 3
135 701 717 
666 3
136 173 426 
667 3
136 173 746 
668 3
136 351 466 
669 3
136 351 746 
670 3
136 426 557 
671 3
136 466 557 
672 3
137 159 532 
673 3
137 159 660 
674 3
137 406 497 
675 3
137 497 660 
676 4
138 205 419 775 
677 3
138 284 776 
678 3
139 191 242 
679 3
139 191 596 
680 3
139 242 686 
681 3
139 401 524 
682 3
139 401 596 
683 3
139 524 686 
684 3
140 238 270 
685 3
140 238 365 
686 3
140 270 843 
687 3
140 365 641 
688 3
141 231 617 
689 3
141 266 303 
690 3
141 266 783 
691 3
141 485 617 
692 3
141 485 783 
693 3
142 193 539 
694 3
142 193 788 
695 3
142 290 788 
696 3
143 308 484 
697 3
143 516 580 
698 3
143 516 817 
699 3
144 322 492 
700 3
144 322 692 
701 3
145 212 562 
702 3
145 212 733 
703 4
145 230 432 748 
704 3
145 230 562 
705 3
145 432 644 
706 3
145 644 733 
707 3
146 182 372 
708 3
146 233 372 
709 3
146 233 570 
710 3
146 460 570 
711 3
147 544 662 
712 3
147 566 654 
713 3
148 171 225 
714 3
148 171 682 
715 3
148 225 304 
716 3
148 304 501 
717 3
149 336 531 
718 3
149 336 551 
719 3
149 340 551 
720 3
149 495 531 
721 3
150 179 454 
722 3
150 179 468 
723 3
150 202 614 
724 3
150 202 672 
725 3
150 318 672 
726 3
150 468 614 
727 3
151 226 323 
728 3
151 226 509 
729 3
151 318 412 
730 3
151 318 807 
731 3
151 323 412 
732 3
151 509 723 
733 3
151 723 807 
734 3
152 165 458 
735 3
152 709 715 
736 3
153 226 509 
737 3
153 226 532 
738 3
153 249 437 
739 3
153 249 509 
740 3
153 280 437 
741 3
154 251 530 
742 4
154 276 285 405 
743 3
154 285 530 
744 3
155 259 593 
745 3
155 259 739 
746 3
155 593 742 
747 3
155 647 742 
748 3
156 257 621 
749 3
156 523 535 
750 3
156 535 747 
751 3
157 225 304 
752 3
157 225 577 
753 3
158 348 361 
754 3
158 566 829 
755 3
159 346 478 
756 3
159 346 660 
757 3
159 350 478 
758 3
159 350 820 
759 3
159 532 820 
760 3
160 195 474 
761 3
160 195 784 
762 3
160 199 382 
763 3
160 199 474 
764 3
160 224 310 
765 3
160 224 784 
766 3
160 310 382 
767 3
161 197 457 
768 3
161 197 618 
769 3
161 198 380 
770 3
161 198 618 
771 3
161 341 506 
772 3
161 341 792 
773 3
161 380 792 
774 3
161 457 506 
775 3
162 189 429 
776 3
162 189 586 
777 3
162 300 409 
778 3
162 300 429 
779 3
162 409 819 
780 3
162 586 819 
781 3
163 381 699 
782 3
164 356 366 
783 3
164 356 394 
784 3
164 394 655 
785 3
165 458 500 
786 3
165 500 729 
787 3
166 266 463 
788 3
166 313 354 
789 3
166 313 463 
790 3
167 254 424 
791 3
167 355 522 
792 3
167 424 460 
793 3
167 460 570 
794 3
167 522 570 
795 3
168 316 637 
796 3
168 316 706 
797 3
168 622 706 
798 3
169 241 581 
799 3
170 227 568 
800 3
170 227 658 
801 4
170 240 568 762 
802 3
170 240 813 
803 3
171 713 745 
804 3
172 477 567 
805 3
172 477 688 
806 3
172 486 629 
807 2
173 647 
808 3
174 294 488 
809 3
174 438 447 
810 3
174 438 488 
811 3
175 201 244 
812 3
175 244 701 
813 3
176 379 455 
814 3
176 379 639 
815 3
177 328 389 
816 3
177 328 517 
817 3
177 329 496 
818 4
177 389 496 802 
819 3
178 332 417 
820 3
178 332 546 
821 3
178 352 465 
822 3
178 352 546 
823 3
179 454 643 
824 3
179 468 717 
825 3
179 643 701 
826 3
179 701 717 
827 3
180 263 413 
828 3
181 183 391 
829 3
181 183 559 
830 3
181 391 446 
831 3
181 446 696 
832 3
181 559 696 
833 3
182 372 455 
834 4
182 379 455 627 
835 3
183 315 564 
836 3
183 391 564 
837 3
183 427 559 
838 3
184 258 623 
839 3
185 498 606 
840 3
185 498 624 
841 3
186 244 438 
842 3
186 244 569 
843 3
186 347 569 
844 3
186 347 666 
845 3
186 438 488 
846 3
186 488 666 
847 3
187 311 331 
848 3
187 331 442 
849 3
187 442 814 
850 3
188 298 468 
851 3
188 298 744 
852 3
188 460 744 
853 3
189 429 631 
854 3
189 472 628 
855 3
189 472 631 
856 3
190 272 336 
857 3
190 272 576 
858 3
190 333 565 
859 3
190 333 576 
860 4
190 336 456 835 
861 3
190 456 565 
862 3
191 242 503 
863 3
191 294 596 
864 3
192 675 707 
865 3
193 383 763 
866 3
194 214 571 
867 3
194 229 256 
868 3
194 240 439 
869 3
194 240 571 
870 3
194 256 439 
871 3
195 431 784 
872 3
196 214 265 
873 3
196 214 772 
874 3
196 229 403 
875 3
196 229 772 
876 3
196 265 587 
877 3
198 380 461 
878 3
200 421 619 
879 3
200 525 560 
880 3
200 525 619 
881 3
201 244 569 
882 3
201 306 569 
883 3
202 298 614 
884 3
202 412 672 
885 3
202 412 743 
886 3
203 278 687 
887 3
204 215 247 
888 3
204 215 695 
889 3
204 222 260 
890 3
204 222 579 
891 3
204 247 579 
892 3
204 260 811 
893 3
204 695 811 
894 3
205 376 573 
895 3
205 419 573 
896 3
206 292 428 
897 3
206 292 479 
898 3
207 434 667 
899 3
207 594 667 
900 3
207 594 738 
901 3
207 669 735 
902 3
207 669 738 
903 3
208 330 345 
904 3
208 330 441 
905 3
209 228 319 
906 3
209 228 453 
907 3
209 228 806 
908 3
209 453 675 
909 3
210 297 542 
910 3
210 297 664 
911 3
210 347 592 
912 4
210 347 664 847 
913 3
211 231 356 
914 3
212 293 704 
915 3
212 293 733 
916 3
212 329 562 
917 3
212 329 704 
918 3
213 326 404 
919 3
213 326 700 
920 3
213 404 712 
921 3
214 265 273 
922 3
214 273 571 
923 3
215 247 531 
924 3
215 495 531 
925 3
215 495 597 
926 3
215 597 695 
927 3
216 236 484 
928 3
216 236 825 
929 3
216 286 724 
930 3
216 361 484 
931 3
216 361 724 
932 3
217 238 312 
933 3
217 238 848 
934 3
217 312 693 
935 3
217 348 693 
936 3
217 348 699 
937 3
217 381 699 
938 3
217 381 848 
939 3
218 293 496 
940 3
218 293 518 
941 3
218 378 402 
942 3
218 378 518 
943 3
218 389 402 
944 3
218 389 496 
945 3
219 248 271 
946 3
219 271 399 
947 3
220 242 340 
948 3
220 242 503 
949 3
220 272 503 
950 3
220 272 551 
951 3
220 340 551 
952 3
222 567 702 
953 3
223 483 740 
954 3
223 483 751 
955 3
224 310 594 
956 3
224 431 520 
957 3
224 431 784 
958 3
224 459 520 
959 3
224 459 632 
960 3
224 594 632 
961 3
226 323 820 
962 3
226 532 820 
963 3
227 309 658 
964 4
228 334 527 685 
965 3
228 453 662 
966 3
228 527 831 
967 3
228 662 831 
968 3
229 256 828 
969 3
230 274 795 
970 3
230 562 795 
971 3
232 316 415 
972 3
232 316 637 
973 3
232 404 637 
974 3
232 404 815 
975 3
233 372 810 
976 3
233 570 764 
977 3
234 259 525 
978 3
234 457 494 
979 3
234 457 778 
980 3
234 494 560 
981 3
234 525 560 
982 3
235 236 823 
983 3
235 236 825 
984 3
235 661 823 
985 3
236 308 484 
986 3
236 308 651 
987 3
236 651 823 
988 3
237 281 371 
989 3
238 270 848 
990 3
239 309 470 
991 3
239 309 658 
992 3
239 470 575 
993 3
239 575 578 
994 3
239 658 824 
995 3
240 273 571 
996 3
240 439 813 
997 3
241 283 597 
998 3
241 283 606 
999 3
241 581 597 
1000 3
242 340 435 
1001 3
242 357 435 
1002 3
242 357 670 
1003 3
242 670 686 
1004 3
243 246 822 
1005 3
243 499 541 
1006 3
243 541 803 
1007 3
243 553 822 
1008 3
244 438 701 
1009 3
245 375 789 
1010 2
245 418 
1011 3
245 615 789 
1012 3
247 456 469 
1013 3
247 456 531 
1014 3
247 469 579 
1015 3
248 271 425 
1016 3
248 364 589 
1017 3
248 364 677 
1018 3
248 425 589 
1019 3
249 437 447 
1020 3
249 447 509 
1021 3
250 254 363 
1022 3
250 254 424 
1023 3
250 363 832 
1024 3
250 424 744 
1025 3
250 744 785 
1026 3
251 530 797 
1027 3
252 272 576 
1028 3
252 333 541 
1029 3
252 333 576 
1030 3
253 512 726 
1031 3
253 623 671 
1032 3
254 277 282 
1033 3
254 277 363 
1034 3
254 282 422 
1035 3
255 268 328 
1036 3
255 328 517 
1037 3
255 430 517 
1038 3
256 439 782 
1039 3
257 352 546 
1040 3
257 546 621 
1041 3
258 613 623 
1042 3
259 583 593 
1043 3
260 317 390 
1044 3
260 317 521 
1045 3
260 521 811 
1046 3
261 444 518 
1047 3
261 480 518 
1048 3
261 480 645 
1049 3
262 377 388 
1050 3
262 377 809 
1051 3
262 388 508 
1052 3
262 508 721 
1053 3
262 721 809 
1054 3
263 344 736 
1055 3
263 413 414 
1056 3
263 414 736 
1057 3
264 430 834 
1058 3
265 273 408 
1059 3
265 408 849 
1060 3
265 587 849 
1061 3
266 303 463 
1062 3
267 299 505 
1063 3
267 317 390 
1064 3
267 317 719 
1065 3
267 353 505 
1066 3
267 353 719 
1067 3
268 328 389 
1068 3
269 482 550 
1069 3
269 482 638 
1070 3
269 550 634 
1071 3
270 381 848 
1072 3
271 335 421 
1073 3
271 335 425 
1074 3
271 399 421 
1075 3
272 336 551 
1076 3
273 374 408 
1077 3
273 374 605 
1078 3
275 331 349 
1079 3
275 331 556 
1080 3
275 349 540 
1081 3
275 556 636 
1082 4
276 285 710 838 
1083 3
276 377 710 
1084 3
277 363 689 
1085 3
277 508 689 
1086 3
277 508 721 
1087 3
278 355 522 
1088 3
278 355 683 
1089 3
278 522 764 
1090 3
278 683 687 
1091 3
279 321 471 
1092 3
279 321 827 
1093 3
279 386 471 
1094 3
279 386 745 
1095 3
279 713 745 
1096 3
279 713 827 
1097 3
280 307 437 
1098 3
281 392 427 
1099 3
282 285 355 
1100 3
282 285 774 
1101 3
282 355 422 
1102 3
282 727 774 
1103 3
283 495 597 
1104 3
283 498 554 
1105 3
283 498 606 
1106 3
284 387 648 
1107 3
284 648 754 
1108 3
285 355 683 
1109 3
285 530 683 
1110 3
285 710 774 
1111 3
286 312 680 
1112 3
286 312 693 
1113 3
286 348 693 
1114 3
286 348 724 
1115 3
286 582 663 
1116 3
286 582 680 
1117 3
287 319 409 
1118 3
287 409 819 
1119 3
287 476 586 
1120 3
287 586 819 
1121 3
288 462 678 
1122 3
289 322 492 
1123 3
289 322 542 
1124 3
289 462 678 
1125 3
289 462 734 
1126 3
289 542 678 
1127 3
290 613 788 
1128 3
292 479 533 
1129 3
293 496 704 
1130 3
293 518 733 
1131 3
294 401 596 
1132 3
294 401 666 
1133 3
294 488 666 
1134 3
295 574 601 
1135 3
296 303 313 
1136 3
296 313 508 
1137 3
296 368 513 
1138 3
296 368 689 
1139 3
296 508 689 
1140 3
297 322 542 
1141 3
297 322 692 
1142 3
297 524 766 
1143 3
297 664 766 
1144 3
298 468 614 
1145 3
298 744 785 
1146 3
300 429 459 
1147 3
300 459 520 
1148 3
301 485 656 
1149 3
301 493 722 
1150 3
301 493 755 
1151 3
302 397 612 
1152 3
302 433 612 
1153 3
302 433 673 
1154 3
303 313 463 
1155 3
304 352 501 
1156 3
304 352 747 
1157 3
305 359 604 
1158 3
305 464 519 
1159 3
305 519 604 
1160 3
306 569 592 
1161 3
307 437 447 
1162 3
308 651 731 
1163 3
309 470 572 
1164 3
310 382 738 
1165 3
310 594 738 
1166 3
311 331 349 
1167 3
311 349 550 
1168 3
311 550 634 
1169 3
313 354 388 
1170 3
313 388 508 
1171 3
314 332 417 
1172 3
314 332 589 
1173 3
314 549 780 
1174 3
315 365 564 
1175 3
316 415 676 
1176 3
316 419 475 
1177 3
316 419 676 
1178 3
316 475 706 
1179 3
317 630 719 
1180 3
318 412 672 
1181 3
321 471 737 
1182 3
321 600 737 
1183 3
321 600 841 
1184 3
321 630 719 
1185 3
321 719 841 
1186 3
323 350 820 
1187 3
323 412 691 
1188 3
325 470 572 
1189 3
325 572 665 
1190 3
326 372 455 
1191 3
326 372 810 
1192 3
326 404 637 
1193 3
326 455 700 
1194 3
326 637 810 
1195 3
329 496 704 
1196 3
331 442 489 
1197 3
331 489 850 
1198 3
331 556 850 
1199 3
332 425 546 
1200 3
332 425 589 
1201 3
333 499 541 
1202 3
333 499 565 
1203 3
334 527 547 
1204 3
334 547 561 
1205 3
334 561 770 
1206 4
335 421 583 798 
1207 3
335 425 502 
1208 3
335 502 621 
1209 3
335 583 621 
1210 3
336 456 531 
1211 3
337 400 481 
1212 3
337 400 750 
1213 3
337 481 839 
1214 3
337 674 750 
1215 3
338 350 394 
1216 3
341 400 481 
1217 3
341 400 506 
1218 3
341 481 792 
1219 3
343 353 370 
1220 3
343 353 505 
1221 3
343 370 599 
1222 3
344 480 736 
1223 3
346 394 478 
1224 3
346 394 655 
1225 3
346 588 684 
1226 3
346 588 794 
1227 3
346 660 794 
1228 3
347 401 664 
1229 3
347 401 666 
1230 3
347 569 592 
1231 3
348 361 724 
1232 3
349 482 540 
1233 3
349 482 550 
1234 3
350 394 478 
1235 3
351 466 577 
1236 3
353 370 600 
1237 3
353 600 841 
1238 3
353 719 841 
1239 3
358 626 844 
1240 3
358 631 844 
1241 3
359 633 690 
1242 3
362 526 615 
1243 3
362 526 791 
1244 3
362 714 791 
1245 3
363 368 689 
1246 3
363 368 832 
1247 3
364 549 677 
1248 3
364 549 780 
1249 3
365 564 641 
1250 3
367 543 625 
1251 3
368 443 513 
1252 3
369 415 676 
1253 3
369 419 573 
1254 3
369 419 676 
1255 3
369 491 573 
1256 3
370 519 599 
1257 3
373 393 486 
1258 3
373 393 558 
1259 3
373 486 629 
1260 3
373 558 716 
1261 3
373 629 731 
1262 3
373 661 731 
1263 3
376 491 573 
1264 3
377 710 809 
1265 3
378 402 620 
1266 3
378 444 518 
1267 3
378 444 620 
1268 3
380 481 792 
1269 3
383 613 623 
1270 3
383 623 671 
1271 3
384 490 590 
1272 3
384 490 846 
1273 3
384 590 793 
1274 3
386 471 690 
1275 3
391 564 787 
1276 3
392 427 559 
1277 3
392 559 696 
1278 3
393 456 486 
1279 3
393 456 565 
1280 3
393 456 800 
1281 3
393 558 565 
1282 3
396 420 473 
1283 3
396 420 487 
1284 3
396 487 673 
1285 3
402 587 659 
1286 3
402 620 659 
1287 3
404 712 815 
1288 3
406 420 534 
1289 3
406 497 534 
1290 3
407 426 557 
1291 3
407 426 812 
1292 3
407 511 557 
1293 3
407 732 812 
1294 3
408 659 849 
1295 3
410 433 603 
1296 3
410 433 767 
1297 3
410 591 767 
1298 3
410 603 680 
1299 3
411 423 610 
1300 3
412 650 743 
1301 3
413 423 610 
1302 3
414 514 644 
1303 3
414 514 736 
1304 3
420 487 758 
1305 3
420 534 758 
1306 3
421 583 619 
1307 3
424 460 744 
1308 3
425 502 546 
1309 3
426 602 649 
1310 3
426 602 812 
1311 3
429 434 631 
1312 3
429 434 781 
1313 3
429 459 781 
1314 3
430 517 821 
1315 3
430 549 677 
1316 3
430 549 834 
1317 3
433 487 673 
1318 3
433 487 767 
1319 3
433 582 603 
1320 3
433 582 663 
1321 3
433 612 663 
1322 3
434 632 781 
1323 3
436 487 758 
1324 3
436 487 767 
1325 3
436 591 767 
1326 3
438 447 643 
1327 3
438 643 701 
1328 3
442 493 722 
1329 3
442 722 814 
1330 3
443 650 743 
1331 3
444 620 640 
1332 3
447 509 643 
1333 3
448 477 533 
1334 3
448 477 688 
1335 3
448 479 533 
1336 3
448 479 642 
1337 3
452 545 578 
1338 3
452 545 750 
1339 3
453 598 728 
1340 3
453 598 826 
1341 3
453 662 826 
1342 3
453 675 728 
1343 3
454 643 723 
1344 3
454 723 807 
1345 3
456 469 486 
1346 3
457 494 506 
1347 3
459 632 781 
1348 3
466 526 557 
1349 2
467 489 
1350 3
467 493 755 
1351 3
470 575 674 
1352 3
472 626 808 
1353 3
472 626 844 
1354 3
472 631 844 
1355 3
477 510 533 
1356 3
477 510 567 
1357 3
479 642 770 
1358 3
480 518 705 
1359 3
480 705 736 
1360 3
482 540 638 
1361 3
490 602 732 
1362 3
490 602 846 
1363 3
494 506 560 
1364 3
497 534 786 
1365 3
497 588 786 
1366 3
497 588 794 
1367 3
497 660 794 
1368 3
499 565 752 
1369 3
502 546 621 
1370 2
504 726 
1371 3
506 560 698 
1372 3
509 643 723 
1373 3
510 567 702 
1374 3
511 557 789 
1375 3
514 644 733 
1376 3
514 705 733 
1377 3
514 705 736 
1378 3
516 527 544 
1379 3
516 527 547 
1380 3
516 544 580 
1381 3
516 547 552 
1382 3
516 552 817 
1383 3
518 705 733 
1384 3
521 581 695 
1385 3
521 695 811 
1386 3
522 570 764 
1387 3
523 647 742 
1388 3
524 670 686 
1389 3
526 557 789 
1390 3
526 615 789 
1391 3
527 544 831 
1392 3
529 534 786 
1393 3
529 725 786 
1394 3
530 683 687 
1395 3
530 687 797 
1396 3
544 662 831 
1397 3
545 575 578 
1398 3
545 575 674 
1399 3
545 674 750 
1400 3
547 552 561 
1401 3
552 561 642 
1402 3
556 636 657 
1403 3
558 565 752 
1404 3
561 642 770 
1405 3
564 641 787 
1406 3
574 585 601 
1407 3
581 597 695 
1408 3
582 603 680 
1409 3
587 659 849 
1410 3
588 684 725 
1411 3
588 725 786 
1412 2
595 665 
1413 3
602 732 812 
1414 3
626 779 808 
1415 3
651 661 731 
1416 3
651 661 823 
1417 3
675 707 728 
1418 3
710 727 774 
1419 3
710 727 809 
1420 3
721 727 809 
