2033
1 2
1 13 
2 2
3 7 
3 2
4 6 
4 2
6 9 
5 2
6 20 
6 2
17 20 
7 2
20 63 
8 2
22 68 
9 2
33 72 
10 2
37 40 
11 2
37 119 
12 2
40 43 
13 2
40 117 
14 2
68 72 
15 2
120 129 
16 2
122 160 
17 2
145 260 
18 2
163 254 
19 2
167 169 
20 2
167 256 
21 2
176 235 
22 2
177 194 
23 2
183 269 
24 2
185 272 
25 2
186 189 
26 2
186 276 
27 2
189 190 
28 2
189 277 
29 2
190 283 
30 2
242 260 
31 2
243 304 
32 2
268 269 
33 2
269 272 
34 2
269 360 
35 2
272 276 
36 2
272 366 
37 2
289 290 
38 2
290 384 
39 2
358 361 
40 2
359 476 
41 2
360 361 
42 2
395 477 
43 2
397 488 
44 2
402 468 
45 2
411 471 
46 2
425 494 
47 2
426 472 
48 2
430 492 
49 2
451 452 
50 2
452 453 
51 2
452 537 
52 2
461 468 
53 2
467 477 
54 2
468 471 
55 2
468 483 
56 2
483 504 
57 2
509 517 
58 2
509 568 
59 2
517 571 
60 2
583 671 
61 2
625 702 
62 2
627 661 
63 2
629 706 
64 2
657 720 
65 2
662 666 
66 2
675 756 
67 2
680 699 
68 2
696 699 
69 2
699 702 
70 2
699 774 
71 2
731 735 
72 2
740 804 
73 2
746 747 
74 2
771 774 
75 2
774 776 
76 2
794 845 
77 2
806 830 
78 2
838 841 
79 2
841 883 
80 2
842 845 
81 2
842 887 
82 2
850 851 
83 2
850 867 
84 2
859 860 
85 2
861 862 
86 2
861 912 
87 2
867 868 
88 2
867 894 
89 2
882 883 
90 2
883 887 
91 2
887 889 
92 2
893 936 
93 2
894 895 
94 2
894 941 
95 2
897 938 
96 2
905 912 
97 2
925 929 
98 2
929 972 
99 2
931 932 
100 2
935 936 
101 2
936 938 
102 2
936 984 
103 2
943 944 
104 2
972 975 
105 2
980 981 
106 2
986 1034 
107 2
999 1032 
108 2
1041 1088 
109 2
1049 1085 
110 2
1078 1114 
111 2
1096 1106 
112 2
1101 1121 
113 2
1114 1117 
114 2
1114 1121 
115 2
1114 1154 
116 2
1115 1152 
117 2
1120 1148 
118 2
1135 1169 
119 2
1145 1167 
120 2
1148 1149 
121 2
1164 1166 
122 2
1165 1190 
123 2
1222 1223 
124 2
1236 1263 
125 2
1259 1262 
126 2
1284 1285 
127 2
1286 1288 
128 2
1294 1295 
129 2
1362 1363 
130 3
1 11 27 
131 3
2 3 10 
132 3
2 5 10 
133 3
3 10 30 
134 3
3 30 54 
135 3
4 12 17 
136 3
5 10 24 
137 3
5 15 26 
138 3
5 24 57 
139 3
7 25 52 
140 3
8 13 29 
141 3
8 14 29 
142 3
9 16 18 
143 3
9 18 22 
144 3
10 24 30 
145 3
11 21 36 
146 3
11 27 34 
147 3
11 34 36 
148 3
12 17 61 
149 3
12 19 1342 
150 3
12 61 1343 
151 3
12 1342 1343 
152 3
13 28 29 
153 3
14 31 42 
154 3
14 42 64 
155 3
14 64 77 
156 3
14 77 80 
157 3
14 80 87 
158 3
15 26 1341 
159 3
16 18 33 
160 3
16 21 33 
161 3
17 53 61 
162 3
18 22 33 
163 3
20 22 23 
164 3
21 33 36 
165 3
24 30 54 
166 3
24 54 95 
167 3
24 57 95 
168 3
25 49 52 
169 3
26 1341 1344 
170 3
27 28 41 
171 3
27 34 44 
172 3
27 41 44 
173 3
28 29 32 
174 3
28 32 39 
175 3
28 39 79 
176 3
28 41 69 
177 3
28 65 79 
178 3
28 69 79 
179 3
29 32 83 
180 3
29 83 86 
181 3
31 42 45 
182 3
32 39 83 
183 3
34 36 44 
184 3
35 43 50 
185 3
35 50 51 
186 3
36 44 70 
187 3
37 38 92 
188 3
39 79 103 
189 3
39 83 103 
190 3
41 44 70 
191 3
41 69 88 
192 3
41 70 88 
193 3
42 45 64 
194 3
43 50 116 
195 3
45 64 77 
196 3
45 67 98 
197 3
45 77 80 
198 3
45 80 113 
199 3
45 98 113 
200 3
46 49 76 
201 3
46 66 76 
202 3
47 59 78 
203 3
47 62 81 
204 3
47 78 101 
205 3
47 81 99 
206 3
47 99 101 
207 3
49 52 93 
208 3
49 76 93 
209 3
50 51 55 
210 3
50 55 97 
211 3
50 97 116 
212 3
52 54 73 
213 3
52 73 84 
214 3
52 84 93 
215 3
53 61 71 
216 3
53 63 71 
217 3
54 73 126 
218 3
55 56 82 
219 3
55 82 97 
220 3
56 60 82 
221 3
57 1344 1345 
222 3
58 60 90 
223 3
58 74 91 
224 3
58 89 90 
225 3
58 89 91 
226 3
60 90 112 
227 3
60 112 114 
228 3
61 71 108 
229 3
61 108 1343 
230 3
62 81 94 
231 3
63 68 102 
232 3
63 71 118 
233 3
63 100 102 
234 3
63 100 127 
235 3
63 118 127 
236 3
66 76 121 
237 3
66 92 121 
238 3
67 96 106 
239 3
68 102 125 
240 3
69 79 105 
241 3
69 88 105 
242 3
70 72 85 
243 3
70 85 152 
244 3
70 88 131 
245 3
70 131 152 
246 3
71 108 140 
247 3
71 118 124 
248 3
71 124 140 
249 3
72 85 136 
250 3
72 136 151 
251 3
73 84 126 
252 3
74 81 139 
253 3
74 91 107 
254 3
74 107 139 
255 3
76 121 134 
256 3
76 134 149 
257 3
76 134 211 
258 3
76 141 213 
259 3
76 211 213 
260 3
78 101 123 
261 3
79 103 122 
262 3
79 105 144 
263 3
79 122 144 
264 3
80 87 113 
265 3
81 99 135 
266 3
81 135 146 
267 3
81 139 185 
268 3
81 146 185 
269 3
83 86 122 
270 3
83 103 122 
271 3
84 93 148 
272 3
84 126 148 
273 3
85 152 161 
274 3
86 87 113 
275 3
86 113 122 
276 3
88 131 150 
277 3
89 90 109 
278 3
89 91 109 
279 3
90 109 189 
280 3
91 107 109 
281 3
93 141 148 
282 3
95 132 171 
283 3
96 98 158 
284 3
96 106 128 
285 3
96 128 170 
286 3
96 158 170 
287 3
97 114 187 
288 3
97 116 153 
289 3
97 153 187 
290 3
98 113 164 
291 3
98 158 164 
292 3
99 101 135 
293 3
100 102 125 
294 3
100 125 127 
295 3
101 123 138 
296 3
101 135 178 
297 3
104 108 1347 
298 3
104 108 1349 
299 3
104 1347 1348 
300 3
104 1348 1349 
301 3
105 144 154 
302 3
106 128 145 
303 3
107 139 186 
304 3
108 140 1349 
305 3
108 1343 1347 
306 3
112 114 190 
307 3
113 156 157 
308 3
113 157 164 
309 3
114 187 190 
310 3
116 117 153 
311 3
117 119 143 
312 3
117 143 201 
313 3
117 153 201 
314 3
118 124 147 
315 3
118 127 174 
316 3
118 147 212 
317 3
118 174 197 
318 3
118 197 212 
319 3
119 121 188 
320 3
119 143 188 
321 3
120 130 169 
322 3
123 130 181 
323 3
123 138 173 
324 3
123 173 176 
325 3
124 140 147 
326 3
125 127 165 
327 3
125 151 166 
328 3
125 165 166 
329 3
126 132 193 
330 3
126 148 193 
331 3
127 165 174 
332 3
128 145 170 
333 3
129 137 155 
334 3
129 155 163 
335 3
129 163 167 
336 3
130 169 181 
337 3
131 150 152 
338 3
132 171 193 
339 3
133 145 175 
340 3
133 175 177 
341 3
134 202 211 
342 3
135 146 183 
343 3
135 178 183 
344 3
139 185 186 
345 3
140 147 210 
346 3
140 162 210 
347 3
140 210 219 
348 3
141 148 193 
349 3
141 193 208 
350 3
141 208 214 
351 3
141 213 214 
352 3
142 184 1345 
353 3
142 184 1350 
354 3
142 1345 1346 
355 3
142 1346 1350 
356 3
143 188 205 
357 3
143 201 205 
358 3
144 154 159 
359 3
146 183 185 
360 3
147 210 212 
361 3
150 152 192 
362 3
150 154 159 
363 3
150 159 225 
364 3
150 192 241 
365 3
150 225 241 
366 3
151 161 166 
367 3
152 161 206 
368 3
152 192 231 
369 3
152 206 231 
370 3
153 187 203 
371 3
153 198 201 
372 3
153 198 289 
373 3
153 203 289 
374 3
155 163 196 
375 3
156 157 160 
376 3
157 160 172 
377 3
157 164 182 
378 3
157 172 200 
379 3
157 182 234 
380 3
157 200 234 
381 3
158 164 216 
382 3
158 170 242 
383 3
159 160 172 
384 3
159 172 215 
385 3
159 215 223 
386 3
159 223 238 
387 3
159 225 238 
388 3
161 166 195 
389 3
161 195 206 
390 3
163 196 222 
391 3
164 182 251 
392 3
164 216 251 
393 3
165 166 195 
394 3
165 174 255 
395 3
165 195 232 
396 3
165 255 286 
397 3
165 266 334 
398 3
165 286 308 
399 3
168 196 220 
400 3
169 181 261 
401 3
169 259 261 
402 3
171 184 217 
403 3
171 193 230 
404 3
171 217 230 
405 3
172 200 215 
406 3
173 178 237 
407 3
174 197 228 
408 3
174 228 255 
409 3
175 177 265 
410 3
175 263 265 
411 3
178 237 268 
412 3
179 180 1349 
413 3
179 1348 1349 
414 3
180 218 229 
415 3
180 218 1349 
416 3
180 229 239 
417 3
180 239 1350 
418 3
181 235 261 
419 3
182 234 297 
420 3
182 251 270 
421 3
182 270 297 
422 3
184 217 322 
423 3
184 239 322 
424 3
184 239 1350 
425 3
187 203 287 
426 3
187 285 287 
427 3
188 205 258 
428 3
188 258 267 
429 3
192 231 241 
430 3
193 230 281 
431 3
193 279 281 
432 3
194 221 226 
433 3
194 221 253 
434 3
195 206 227 
435 3
195 227 232 
436 3
196 220 248 
437 3
196 222 250 
438 3
196 248 250 
439 3
197 228 249 
440 3
198 201 258 
441 3
200 215 234 
442 3
201 205 258 
443 3
202 209 271 
444 3
202 211 213 
445 3
202 213 271 
446 3
203 287 289 
447 3
206 227 231 
448 3
208 214 245 
449 3
208 245 279 
450 3
209 271 294 
451 3
210 212 246 
452 3
210 246 323 
453 3
210 257 291 
454 3
210 291 323 
455 3
213 214 243 
456 3
213 271 301 
457 3
214 245 307 
458 3
215 223 234 
459 3
216 242 251 
460 3
217 230 281 
461 3
217 281 313 
462 3
217 313 340 
463 3
217 322 340 
464 3
218 219 233 
465 3
218 229 233 
466 3
219 233 257 
467 3
220 248 273 
468 3
220 273 315 
469 3
221 236 247 
470 3
221 247 306 
471 3
221 253 299 
472 3
221 299 306 
473 3
223 234 280 
474 3
223 238 280 
475 3
225 238 280 
476 3
225 241 264 
477 3
225 264 293 
478 3
225 280 293 
479 3
227 231 284 
480 3
227 232 244 
481 3
227 244 311 
482 3
227 284 311 
483 3
228 249 323 
484 3
229 233 295 
485 3
229 239 322 
486 3
229 295 362 
487 3
229 322 346 
488 3
229 346 381 
489 3
229 362 381 
490 3
231 241 264 
491 3
231 264 282 
492 3
231 282 302 
493 3
231 284 302 
494 3
232 244 266 
495 3
233 257 291 
496 3
233 291 305 
497 3
233 295 305 
498 3
234 280 288 
499 3
234 288 297 
500 3
235 237 262 
501 3
235 261 274 
502 3
235 262 274 
503 3
236 247 316 
504 3
236 316 394 
505 3
237 262 278 
506 3
237 268 278 
507 3
242 251 312 
508 3
242 312 338 
509 3
242 338 343 
510 3
244 266 345 
511 3
244 311 369 
512 3
244 345 369 
513 3
245 279 307 
514 3
246 249 323 
515 3
248 250 254 
516 3
248 254 309 
517 3
248 273 344 
518 3
248 309 349 
519 3
248 344 349 
520 3
251 270 310 
521 3
251 310 336 
522 3
251 312 336 
523 3
253 265 299 
524 3
254 256 309 
525 3
255 286 328 
526 3
256 259 309 
527 3
258 267 329 
528 3
258 290 329 
529 3
259 261 309 
530 3
260 263 355 
531 3
261 274 296 
532 3
261 296 354 
533 3
261 309 354 
534 3
262 274 324 
535 3
262 278 292 
536 3
262 292 324 
537 3
263 265 299 
538 3
263 299 347 
539 3
263 347 355 
540 3
264 282 300 
541 3
264 293 300 
542 3
266 334 345 
543 3
267 294 329 
544 3
268 278 292 
545 3
268 292 361 
546 3
270 297 310 
547 3
271 294 357 
548 3
271 301 314 
549 3
271 314 357 
550 3
273 315 344 
551 3
274 296 327 
552 3
274 324 327 
553 3
276 277 337 
554 3
276 370 372 
555 3
277 283 298 
556 3
277 337 373 
557 3
279 281 318 
558 3
279 307 326 
559 3
279 318 350 
560 3
279 326 350 
561 3
280 288 325 
562 3
280 293 317 
563 3
281 313 318 
564 3
282 302 371 
565 3
283 285 331 
566 3
283 298 331 
567 3
284 302 311 
568 3
285 287 289 
569 3
285 289 353 
570 3
285 351 353 
571 3
285 351 377 
572 3
286 308 328 
573 3
288 297 321 
574 3
288 321 325 
575 3
289 353 380 
576 3
291 305 389 
577 3
291 323 389 
578 3
293 300 317 
579 3
294 329 359 
580 3
295 305 362 
581 3
296 327 354 
582 3
297 310 335 
583 3
297 321 335 
584 3
298 331 375 
585 3
299 306 348 
586 3
299 347 378 
587 3
299 348 388 
588 3
299 378 387 
589 3
299 387 388 
590 3
300 317 352 
591 3
300 352 446 
592 3
300 371 446 
593 3
301 304 314 
594 3
301 304 320 
595 3
302 311 369 
596 3
302 369 371 
597 3
304 307 367 
598 3
304 314 390 
599 3
304 367 390 
600 3
305 362 425 
601 3
305 389 425 
602 3
306 332 364 
603 3
306 348 364 
604 3
307 326 367 
605 3
308 328 396 
606 3
308 334 345 
607 3
308 345 400 
608 3
308 396 422 
609 3
308 400 422 
610 3
309 349 374 
611 3
309 354 398 
612 3
309 374 398 
613 3
310 335 339 
614 3
310 335 365 
615 3
310 336 420 
616 3
310 365 420 
617 3
312 336 338 
618 3
313 318 350 
619 3
313 340 392 
620 3
313 350 383 
621 3
313 383 392 
622 3
314 357 395 
623 3
314 390 395 
624 3
315 344 349 
625 3
315 349 413 
626 3
315 391 428 
627 3
316 332 394 
628 3
317 325 352 
629 3
321 335 342 
630 3
322 340 346 
631 3
323 328 333 
632 3
323 328 396 
633 3
323 389 408 
634 3
323 396 399 
635 3
324 327 358 
636 3
325 341 352 
637 3
326 350 367 
638 3
327 354 403 
639 3
327 358 403 
640 3
329 359 386 
641 3
332 364 394 
642 3
335 342 365 
643 3
336 338 417 
644 3
336 417 434 
645 3
336 420 434 
646 3
338 343 439 
647 3
338 417 439 
648 3
340 346 392 
649 3
341 342 393 
650 3
341 352 423 
651 3
341 393 423 
652 3
342 365 393 
653 3
343 355 368 
654 3
343 419 439 
655 3
345 369 412 
656 3
345 400 412 
657 3
346 381 397 
658 3
346 392 397 
659 3
347 355 363 
660 3
347 363 378 
661 3
348 364 388 
662 3
349 374 418 
663 3
349 413 433 
664 3
349 414 433 
665 3
349 414 435 
666 3
349 418 438 
667 3
349 435 438 
668 3
350 367 382 
669 3
350 382 383 
670 3
351 353 380 
671 3
351 377 406 
672 3
351 380 402 
673 3
351 402 406 
674 3
352 423 466 
675 3
352 446 466 
676 3
354 398 443 
677 3
354 403 443 
678 3
355 363 416 
679 3
355 368 444 
680 3
355 416 456 
681 3
355 444 456 
682 3
357 359 395 
683 3
358 403 421 
684 3
358 421 448 
685 3
359 386 426 
686 3
360 366 379 
687 3
360 379 401 
688 3
360 401 452 
689 3
361 449 451 
690 3
362 381 425 
691 3
363 378 459 
692 3
363 416 459 
693 3
364 388 407 
694 3
365 393 427 
695 3
365 420 427 
696 3
366 370 409 
697 3
366 379 409 
698 3
367 382 415 
699 3
367 390 445 
700 3
367 415 445 
701 3
369 371 429 
702 3
369 412 429 
703 3
370 372 409 
704 3
371 429 441 
705 3
371 441 446 
706 3
372 409 454 
707 3
373 375 404 
708 3
373 404 458 
709 3
373 454 458 
710 3
374 398 418 
711 3
375 377 404 
712 3
377 404 440 
713 3
377 406 440 
714 3
378 387 455 
715 3
378 455 459 
716 3
379 409 453 
717 3
380 384 411 
718 3
380 402 411 
719 3
381 397 430 
720 3
381 425 430 
721 3
382 383 415 
722 3
383 392 415 
723 3
384 386 411 
724 3
386 411 426 
725 3
387 388 407 
726 3
387 407 455 
727 3
389 489 496 
728 3
390 445 467 
729 3
391 428 473 
730 3
391 436 457 
731 3
391 457 473 
732 3
391 457 497 
733 3
391 497 511 
734 3
392 397 405 
735 3
392 405 465 
736 3
392 415 465 
737 3
393 423 427 
738 3
396 399 437 
739 3
396 422 442 
740 3
396 437 503 
741 3
396 442 484 
742 3
396 484 503 
743 3
398 418 443 
744 3
399 408 437 
745 3
400 412 479 
746 3
400 422 479 
747 3
403 421 443 
748 3
404 440 458 
749 3
405 465 485 
750 3
406 440 461 
751 3
408 437 460 
752 3
409 453 524 
753 3
409 454 524 
754 3
412 429 441 
755 3
412 462 498 
756 3
412 479 498 
757 3
413 431 473 
758 3
413 433 473 
759 3
414 433 473 
760 3
414 435 473 
761 3
415 445 475 
762 3
415 465 482 
763 3
415 475 482 
764 3
416 456 463 
765 3
416 459 463 
766 3
417 434 491 
767 3
417 439 447 
768 3
417 447 501 
769 3
417 491 516 
770 3
417 501 516 
771 3
418 438 469 
772 3
418 443 469 
773 3
419 439 447 
774 3
419 444 447 
775 3
420 427 470 
776 3
420 434 470 
777 3
421 443 464 
778 3
421 448 532 
779 3
421 464 495 
780 3
421 495 532 
781 3
423 427 450 
782 3
423 450 514 
783 3
423 466 514 
784 3
427 450 519 
785 3
427 470 519 
786 3
428 431 473 
787 3
434 470 522 
788 3
434 491 522 
789 3
435 473 505 
790 3
437 460 515 
791 3
437 503 513 
792 3
437 513 549 
793 3
437 515 549 
794 3
438 469 531 
795 3
438 526 531 
796 3
440 458 461 
797 3
441 446 510 
798 3
442 478 528 
799 3
442 484 528 
800 3
444 447 529 
801 3
444 456 520 
802 3
444 520 534 
803 3
444 529 533 
804 3
444 530 533 
805 3
444 530 534 
806 3
445 467 475 
807 3
446 466 508 
808 3
446 508 518 
809 3
446 510 518 
810 3
447 501 529 
811 3
448 449 451 
812 3
448 451 532 
813 3
450 514 519 
814 3
451 532 535 
815 3
453 524 541 
816 3
454 458 481 
817 3
454 493 506 
818 3
454 524 545 
819 3
454 545 548 
820 3
456 463 507 
821 3
456 507 520 
822 3
457 473 523 
823 3
457 497 523 
824 3
458 461 486 
825 3
458 481 486 
826 3
459 463 507 
827 3
459 507 520 
828 3
459 520 534 
829 3
459 534 575 
830 3
459 575 630 
831 3
460 499 544 
832 3
460 515 544 
833 3
461 504 554 
834 3
462 498 527 
835 3
462 510 518 
836 3
462 518 552 
837 3
462 527 552 
838 3
465 482 485 
839 3
466 508 521 
840 3
466 514 521 
841 3
467 475 517 
842 3
469 495 546 
843 3
469 531 546 
844 3
470 522 564 
845 3
470 564 566 
846 3
471 472 474 
847 3
471 474 561 
848 3
471 502 561 
849 3
472 474 476 
850 3
473 505 558 
851 3
473 523 543 
852 3
473 543 558 
853 3
474 476 480 
854 3
474 480 556 
855 3
474 556 561 
856 3
475 482 500 
857 3
476 477 480 
858 3
477 480 509 
859 3
478 479 552 
860 3
478 528 552 
861 3
479 498 527 
862 3
479 527 552 
863 3
481 486 551 
864 3
481 542 548 
865 3
481 542 562 
866 3
481 551 562 
867 3
482 485 525 
868 3
482 500 525 
869 3
483 502 560 
870 3
483 553 560 
871 3
484 503 513 
872 3
484 513 528 
873 3
485 512 525 
874 3
488 492 512 
875 3
489 496 499 
876 3
491 516 540 
877 3
491 522 540 
878 3
492 494 539 
879 3
492 512 592 
880 3
492 539 592 
881 3
494 496 539 
882 3
495 532 546 
883 3
496 499 557 
884 3
496 539 557 
885 3
497 511 550 
886 3
497 523 547 
887 3
497 547 550 
888 3
499 544 549 
889 3
499 549 587 
890 3
501 516 529 
891 3
502 560 561 
892 3
505 526 531 
893 3
505 531 546 
894 3
505 546 582 
895 3
505 558 582 
896 3
508 590 612 
897 3
511 550 573 
898 3
511 555 569 
899 3
511 569 615 
900 3
512 525 591 
901 3
512 592 594 
902 3
513 528 572 
903 3
513 538 549 
904 3
513 538 572 
905 3
514 519 584 
906 3
514 521 584 
907 3
515 544 549 
908 3
516 529 540 
909 3
518 552 576 
910 3
519 566 584 
911 3
521 584 613 
912 3
522 540 629 
913 3
522 564 629 
914 3
523 543 547 
915 3
524 541 545 
916 3
525 571 583 
917 3
525 583 591 
918 3
525 583 602 
919 3
528 552 572 
920 3
529 533 540 
921 3
529 533 570 
922 3
530 533 626 
923 3
530 534 575 
924 3
530 575 626 
925 3
532 535 585 
926 3
532 546 578 
927 3
532 578 580 
928 3
532 580 585 
929 3
533 540 624 
930 3
533 624 638 
931 3
533 626 638 
932 3
535 537 579 
933 3
535 579 607 
934 3
535 585 607 
935 3
537 541 563 
936 3
537 563 579 
937 3
538 549 595 
938 3
538 572 622 
939 3
538 622 1352 
940 3
538 644 667 
941 3
538 667 1353 
942 3
538 1352 1353 
943 3
539 557 596 
944 3
539 592 596 
945 3
540 624 629 
946 3
541 563 640 
947 3
541 581 640 
948 3
542 548 599 
949 3
542 562 599 
950 3
543 547 616 
951 3
545 548 599 
952 3
545 599 643 
953 3
546 578 598 
954 3
546 582 620 
955 3
546 586 606 
956 3
546 586 623 
957 3
546 620 623 
958 3
547 550 573 
959 3
547 573 616 
960 3
549 587 595 
961 3
551 562 632 
962 3
551 608 632 
963 3
552 572 622 
964 3
552 576 611 
965 3
552 611 622 
966 3
553 554 593 
967 3
553 560 574 
968 3
553 574 593 
969 3
554 593 608 
970 3
555 569 610 
971 3
556 561 589 
972 3
558 582 620 
973 3
558 619 620 
974 3
559 568 577 
975 3
559 577 605 
976 3
560 561 574 
977 3
561 574 593 
978 3
561 589 603 
979 3
561 593 627 
980 3
561 601 603 
981 3
561 601 627 
982 3
562 599 631 
983 3
562 631 632 
984 3
563 579 640 
985 3
564 566 614 
986 3
564 614 625 
987 3
564 625 629 
988 3
566 584 614 
989 3
568 571 637 
990 3
568 577 653 
991 3
568 637 666 
992 3
568 653 666 
993 3
569 610 645 
994 3
569 615 645 
995 3
571 633 662 
996 3
575 626 630 
997 3
576 590 612 
998 3
576 611 635 
999 3
576 612 668 
1000 3
576 635 668 
1001 3
577 605 652 
1002 3
578 580 628 
1003 3
578 598 617 
1004 3
578 617 628 
1005 3
579 604 607 
1006 3
579 607 659 
1007 3
579 640 659 
1008 3
580 585 618 
1009 3
580 618 636 
1010 3
584 613 614 
1011 3
585 607 618 
1012 3
586 606 634 
1013 3
586 623 664 
1014 3
586 634 664 
1015 3
587 595 646 
1016 3
587 596 676 
1017 3
587 646 685 
1018 3
587 676 685 
1019 3
589 603 605 
1020 3
591 594 648 
1021 3
591 648 672 
1022 3
592 594 621 
1023 3
593 608 609 
1024 3
593 609 660 
1025 3
593 627 660 
1026 3
594 621 678 
1027 3
594 648 675 
1028 3
594 675 678 
1029 3
596 621 676 
1030 3
599 631 694 
1031 3
599 640 643 
1032 3
599 640 693 
1033 3
599 693 694 
1034 3
603 605 652 
1035 3
603 652 661 
1036 3
606 617 634 
1037 3
607 618 639 
1038 3
607 639 663 
1039 3
607 659 663 
1040 3
608 609 651 
1041 3
608 632 657 
1042 3
608 651 658 
1043 3
608 657 658 
1044 3
609 651 669 
1045 3
609 660 679 
1046 3
609 669 679 
1047 3
610 641 645 
1048 3
611 622 635 
1049 3
612 613 654 
1050 3
612 654 677 
1051 3
612 668 677 
1052 3
613 614 656 
1053 3
613 654 656 
1054 3
614 625 656 
1055 3
615 616 655 
1056 3
615 645 655 
1057 3
616 619 620 
1058 3
616 620 703 
1059 3
616 655 681 
1060 3
616 681 711 
1061 3
616 703 711 
1062 3
617 628 650 
1063 3
617 634 650 
1064 3
618 636 639 
1065 3
620 623 673 
1066 3
620 673 709 
1067 3
620 700 709 
1068 3
620 703 709 
1069 3
621 676 678 
1070 3
622 635 1351 
1071 3
622 1351 1352 
1072 3
623 664 710 
1073 3
623 673 707 
1074 3
623 707 710 
1075 3
624 638 708 
1076 3
625 656 680 
1077 3
627 660 679 
1078 3
627 679 692 
1079 3
627 690 692 
1080 3
628 647 714 
1081 3
628 650 714 
1082 3
631 632 649 
1083 3
631 649 674 
1084 3
631 674 715 
1085 3
631 694 715 
1086 3
632 649 657 
1087 3
633 662 671 
1088 3
634 650 701 
1089 3
634 664 701 
1090 3
635 668 1351 
1091 3
636 639 712 
1092 3
636 647 714 
1093 3
636 712 714 
1094 3
639 663 712 
1095 3
640 659 683 
1096 3
641 645 697 
1097 3
641 695 697 
1098 3
644 646 687 
1099 3
645 655 681 
1100 3
645 681 742 
1101 3
645 697 769 
1102 3
645 742 769 
1103 3
646 685 687 
1104 3
648 672 675 
1105 3
649 657 674 
1106 3
650 701 704 
1107 3
650 704 714 
1108 3
651 658 689 
1109 3
651 669 716 
1110 3
651 689 716 
1111 3
652 661 682 
1112 3
652 682 721 
1113 3
652 688 705 
1114 3
653 666 688 
1115 3
654 656 680 
1116 3
654 677 680 
1117 3
657 658 689 
1118 3
659 663 683 
1119 3
662 671 691 
1120 3
662 671 751 
1121 3
662 744 749 
1122 3
662 744 751 
1123 3
663 683 723 
1124 3
663 712 723 
1125 3
664 701 710 
1126 3
666 688 748 
1127 3
668 677 686 
1128 3
668 686 698 
1129 3
668 698 1351 
1130 3
669 679 692 
1131 3
669 716 731 
1132 3
671 672 728 
1133 3
672 728 755 
1134 3
673 707 709 
1135 3
674 715 719 
1136 3
676 678 760 
1137 3
676 734 760 
1138 3
677 686 696 
1139 3
678 758 760 
1140 3
681 711 743 
1141 3
681 742 743 
1142 3
682 692 733 
1143 3
682 721 733 
1144 3
683 693 718 
1145 3
683 693 767 
1146 3
683 723 767 
1147 3
685 687 725 
1148 3
685 722 725 
1149 3
685 722 734 
1150 3
686 696 737 
1151 3
686 698 737 
1152 3
687 725 1359 
1153 3
688 747 748 
1154 3
689 716 724 
1155 3
692 733 735 
1156 3
693 694 727 
1157 3
693 766 792 
1158 3
693 767 789 
1159 3
693 789 793 
1160 3
693 792 793 
1161 3
694 715 727 
1162 3
695 697 772 
1163 3
696 737 1360 
1164 3
696 771 1360 
1165 3
697 769 772 
1166 3
698 737 1356 
1167 3
698 1351 1356 
1168 3
701 704 713 
1169 3
701 710 761 
1170 3
701 713 762 
1171 3
701 739 761 
1172 3
701 761 762 
1173 3
702 706 776 
1174 3
703 711 779 
1175 3
704 713 730 
1176 3
704 714 730 
1177 3
706 708 732 
1178 3
706 732 782 
1179 3
706 776 782 
1180 3
707 709 710 
1181 3
709 710 781 
1182 3
710 761 794 
1183 3
710 781 794 
1184 3
711 743 779 
1185 3
712 714 736 
1186 3
712 723 750 
1187 3
712 723 767 
1188 3
712 736 788 
1189 3
713 730 762 
1190 3
714 736 768 
1191 3
715 719 727 
1192 3
716 724 738 
1193 3
716 731 740 
1194 3
716 738 752 
1195 3
716 740 752 
1196 3
719 720 759 
1197 3
719 727 780 
1198 3
719 759 785 
1199 3
719 780 799 
1200 3
719 785 799 
1201 3
720 724 753 
1202 3
720 753 759 
1203 3
721 746 812 
1204 3
721 764 809 
1205 3
721 809 812 
1206 3
722 725 765 
1207 3
724 738 778 
1208 3
724 753 777 
1209 3
724 777 778 
1210 3
725 765 1359 
1211 3
727 766 780 
1212 3
728 751 786 
1213 3
728 755 756 
1214 3
728 756 822 
1215 3
728 786 822 
1216 3
732 782 790 
1217 3
733 735 805 
1218 3
735 804 805 
1219 3
736 768 795 
1220 3
736 788 803 
1221 3
736 795 803 
1222 3
737 763 1356 
1223 3
737 763 1360 
1224 3
738 752 806 
1225 3
738 778 814 
1226 3
738 806 818 
1227 3
738 814 818 
1228 3
740 752 806 
1229 3
742 743 775 
1230 3
742 769 775 
1231 3
743 775 783 
1232 3
743 775 837 
1233 3
743 779 838 
1234 3
743 837 838 
1235 3
744 749 754 
1236 3
744 751 816 
1237 3
744 754 784 
1238 3
744 784 807 
1239 3
746 812 813 
1240 3
747 748 754 
1241 3
747 754 784 
1242 3
747 784 815 
1243 3
748 749 754 
1244 3
751 786 820 
1245 3
751 816 820 
1246 3
753 759 773 
1247 3
753 773 777 
1248 3
756 758 770 
1249 3
756 758 797 
1250 3
756 797 824 
1251 3
756 822 824 
1252 3
758 760 802 
1253 3
759 773 785 
1254 3
761 762 796 
1255 3
761 794 796 
1256 3
762 768 795 
1257 3
762 796 817 
1258 3
763 1356 1361 
1259 3
763 1360 1361 
1260 3
766 780 791 
1261 3
766 791 792 
1262 3
769 772 810 
1263 3
769 810 839 
1264 3
769 837 839 
1265 3
772 808 810 
1266 3
773 777 800 
1267 3
773 785 800 
1268 3
776 782 790 
1269 3
777 778 800 
1270 3
778 800 825 
1271 3
778 814 825 
1272 3
779 781 787 
1273 3
780 791 823 
1274 3
780 799 823 
1275 3
781 787 842 
1276 3
784 807 815 
1277 3
785 799 857 
1278 3
786 811 820 
1279 3
786 811 822 
1280 3
787 841 842 
1281 3
788 789 801 
1282 3
788 801 827 
1283 3
788 803 827 
1284 3
789 793 801 
1285 3
791 792 828 
1286 3
791 823 828 
1287 3
792 793 801 
1288 3
792 801 836 
1289 3
792 828 849 
1290 3
792 836 848 
1291 3
792 848 849 
1292 3
795 803 827 
1293 3
795 817 835 
1294 3
795 827 850 
1295 3
795 835 863 
1296 3
795 850 864 
1297 3
795 863 864 
1298 3
796 817 846 
1299 3
799 840 856 
1300 3
799 840 857 
1301 3
800 825 844 
1302 3
800 844 858 
1303 3
801 836 851 
1304 3
804 805 819 
1305 3
804 819 852 
1306 3
804 830 862 
1307 3
804 852 854 
1308 3
804 854 862 
1309 3
805 809 819 
1310 3
806 818 861 
1311 3
806 834 861 
1312 3
807 815 832 
1313 3
807 829 831 
1314 3
807 831 832 
1315 3
808 810 839 
1316 3
809 812 821 
1317 3
809 819 821 
1318 3
811 820 847 
1319 3
811 822 847 
1320 3
812 813 821 
1321 3
813 815 833 
1322 3
813 821 843 
1323 3
813 833 843 
1324 3
814 825 844 
1325 3
814 844 859 
1326 3
816 820 829 
1327 3
817 835 846 
1328 3
818 860 861 
1329 3
819 821 853 
1330 3
819 852 853 
1331 3
820 829 847 
1332 3
821 843 853 
1333 3
823 828 849 
1334 3
823 849 855 
1335 3
835 846 876 
1336 3
835 863 876 
1337 3
836 848 872 
1338 3
836 851 868 
1339 3
836 868 872 
1340 3
837 838 875 
1341 3
837 839 873 
1342 3
837 873 877 
1343 3
837 875 877 
1344 3
838 875 882 
1345 3
839 873 879 
1346 3
840 856 870 
1347 3
840 857 870 
1348 3
843 853 866 
1349 3
844 858 859 
1350 3
845 846 889 
1351 3
846 876 889 
1352 3
848 849 872 
1353 3
849 855 872 
1354 3
850 864 891 
1355 3
852 853 869 
1356 3
852 854 871 
1357 3
852 871 907 
1358 3
852 907 917 
1359 3
853 866 869 
1360 3
854 862 871 
1361 3
855 856 874 
1362 3
855 872 888 
1363 3
855 874 900 
1364 3
855 884 888 
1365 3
855 888 900 
1366 3
856 870 874 
1367 3
857 858 885 
1368 3
857 870 885 
1369 3
858 859 865 
1370 3
858 885 904 
1371 3
859 904 906 
1372 3
860 903 910 
1373 3
862 871 905 
1374 3
863 864 893 
1375 3
863 876 878 
1376 3
863 878 893 
1377 3
864 891 893 
1378 3
868 880 895 
1379 3
868 880 898 
1380 3
870 874 902 
1381 3
870 885 902 
1382 3
871 905 913 
1383 3
871 907 913 
1384 3
872 888 896 
1385 3
873 877 886 
1386 3
873 886 892 
1387 3
873 892 899 
1388 3
874 900 902 
1389 3
875 877 890 
1390 3
875 882 890 
1391 3
876 878 901 
1392 3
876 889 901 
1393 3
877 886 928 
1394 3
877 890 911 
1395 3
877 911 928 
1396 3
878 893 908 
1397 3
878 901 935 
1398 3
878 908 935 
1399 3
880 898 943 
1400 3
880 941 959 
1401 3
880 943 959 
1402 3
885 902 923 
1403 3
885 904 923 
1404 3
886 928 929 
1405 3
887 890 921 
1406 3
887 932 933 
1407 3
888 896 915 
1408 3
888 900 942 
1409 3
888 915 922 
1410 3
888 922 942 
1411 3
889 901 934 
1412 3
890 921 931 
1413 3
891 893 897 
1414 3
891 894 897 
1415 3
892 909 925 
1416 3
896 898 919 
1417 3
896 915 919 
1418 3
900 942 946 
1419 3
901 934 935 
1420 3
902 923 927 
1421 3
902 927 937 
1422 3
903 906 914 
1423 3
903 910 948 
1424 3
903 914 954 
1425 3
903 948 961 
1426 3
903 954 970 
1427 3
903 961 970 
1428 3
905 913 920 
1429 3
905 920 930 
1430 3
907 913 917 
1431 3
909 924 925 
1432 3
910 912 918 
1433 3
910 918 940 
1434 3
910 940 948 
1435 3
913 917 926 
1436 3
913 920 926 
1437 3
914 923 951 
1438 3
914 951 968 
1439 3
914 954 968 
1440 3
915 919 922 
1441 3
918 930 940 
1442 3
919 922 944 
1443 3
920 926 930 
1444 3
922 942 944 
1445 3
922 942 952 
1446 3
923 927 947 
1447 3
923 947 956 
1448 3
923 951 956 
1449 3
924 925 957 
1450 3
924 960 962 
1451 3
924 960 964 
1452 3
925 957 973 
1453 3
926 930 950 
1454 3
926 950 965 
1455 3
927 937 947 
1456 3
928 929 939 
1457 3
928 931 939 
1458 3
930 940 950 
1459 3
931 939 975 
1460 3
932 933 969 
1461 3
933 934 953 
1462 3
933 953 958 
1463 3
933 958 969 
1464 3
934 935 949 
1465 3
934 949 953 
1466 3
937 946 963 
1467 3
937 947 963 
1468 3
938 941 986 
1469 3
940 948 961 
1470 3
940 950 997 
1471 3
940 961 997 
1472 3
941 959 986 
1473 3
942 959 974 
1474 3
942 974 990 
1475 3
942 990 993 
1476 3
942 993 994 
1477 3
946 963 985 
1478 3
946 985 992 
1479 3
946 992 995 
1480 3
947 955 956 
1481 3
947 955 978 
1482 3
947 963 985 
1483 3
947 978 985 
1484 3
949 953 988 
1485 3
949 980 988 
1486 3
951 955 956 
1487 3
951 955 978 
1488 3
951 968 1003 
1489 3
951 978 1005 
1490 3
951 1002 1005 
1491 3
953 958 988 
1492 3
954 968 1003 
1493 3
957 966 971 
1494 3
957 966 973 
1495 3
958 967 969 
1496 3
958 967 988 
1497 3
959 974 986 
1498 3
960 962 1016 
1499 3
960 964 971 
1500 3
960 971 1022 
1501 3
960 1014 1022 
1502 3
961 970 997 
1503 3
962 979 1018 
1504 3
962 1016 1018 
1505 3
966 971 987 
1506 3
966 973 987 
1507 3
967 969 996 
1508 3
967 988 1013 
1509 3
967 996 1026 
1510 3
967 1013 1026 
1511 3
969 975 996 
1512 3
970 997 1003 
1513 3
972 973 982 
1514 3
972 1020 1025 
1515 3
973 987 1023 
1516 3
974 990 1024 
1517 3
974 1024 1037 
1518 3
975 996 1027 
1519 3
976 991 1006 
1520 3
976 1004 1015 
1521 3
978 985 1007 
1522 3
978 1005 1007 
1523 3
979 989 1009 
1524 3
979 1009 1018 
1525 3
980 988 1013 
1526 3
980 1013 1019 
1527 3
980 1019 1028 
1528 3
981 983 1031 
1529 3
981 1029 1031 
1530 3
983 984 999 
1531 3
984 986 999 
1532 3
985 992 1012 
1533 3
985 1007 1046 
1534 3
985 1012 1044 
1535 3
985 1044 1046 
1536 3
989 1004 1017 
1537 3
989 1009 1017 
1538 3
990 993 1024 
1539 3
991 1006 1011 
1540 3
992 994 995 
1541 3
992 1012 1039 
1542 3
993 994 1038 
1543 3
993 1024 1054 
1544 3
993 1038 1054 
1545 3
996 1026 1027 
1546 3
997 1001 1003 
1547 3
1002 1003 1010 
1548 3
1002 1005 1010 
1549 3
1003 1010 1036 
1550 3
1004 1015 1017 
1551 3
1005 1007 1059 
1552 3
1005 1010 1055 
1553 3
1006 1011 1033 
1554 3
1006 1033 1066 
1555 3
1006 1065 1066 
1556 3
1007 1046 1057 
1557 3
1007 1057 1059 
1558 3
1009 1017 1021 
1559 3
1009 1018 1021 
1560 3
1010 1036 1055 
1561 3
1011 1015 1033 
1562 3
1012 1039 1051 
1563 3
1012 1044 1051 
1564 3
1013 1019 1048 
1565 3
1013 1048 1083 
1566 3
1014 1016 1045 
1567 3
1014 1022 1043 
1568 3
1015 1017 1047 
1569 3
1015 1040 1060 
1570 3
1015 1060 1068 
1571 3
1016 1018 1030 
1572 3
1016 1030 1045 
1573 3
1017 1021 1042 
1574 3
1017 1042 1047 
1575 3
1018 1021 1042 
1576 3
1018 1030 1042 
1577 3
1019 1028 1048 
1578 3
1020 1025 1050 
1579 3
1020 1027 1035 
1580 3
1020 1035 1050 
1581 3
1022 1023 1058 
1582 3
1022 1043 1058 
1583 3
1023 1025 1058 
1584 3
1024 1037 1062 
1585 3
1024 1054 1062 
1586 3
1025 1050 1058 
1587 3
1026 1027 1061 
1588 3
1026 1061 1082 
1589 3
1027 1035 1061 
1590 3
1028 1029 1049 
1591 3
1028 1048 1083 
1592 3
1029 1031 1049 
1593 3
1030 1045 1067 
1594 3
1030 1067 1078 
1595 3
1030 1077 1078 
1596 3
1031 1032 1086 
1597 3
1032 1034 1041 
1598 3
1034 1037 1052 
1599 3
1034 1041 1052 
1600 3
1035 1050 1081 
1601 3
1035 1061 1082 
1602 3
1035 1081 1096 
1603 3
1035 1082 1096 
1604 3
1036 1055 1063 
1605 3
1036 1059 1063 
1606 3
1037 1062 1074 
1607 3
1037 1074 1091 
1608 3
1038 1039 1056 
1609 3
1038 1054 1056 
1610 3
1039 1051 1080 
1611 3
1039 1056 1080 
1612 3
1042 1047 1069 
1613 3
1042 1069 1071 
1614 3
1043 1058 1076 
1615 3
1043 1064 1079 
1616 3
1043 1076 1079 
1617 3
1045 1064 1092 
1618 3
1045 1067 1092 
1619 3
1047 1069 1070 
1620 3
1050 1058 1076 
1621 3
1050 1076 1081 
1622 3
1051 1080 1095 
1623 3
1054 1056 1075 
1624 3
1054 1062 1075 
1625 3
1056 1075 1080 
1626 3
1057 1059 1097 
1627 3
1062 1074 1075 
1628 3
1064 1079 1084 
1629 3
1064 1084 1092 
1630 3
1065 1066 1073 
1631 3
1066 1068 1109 
1632 3
1066 1073 1109 
1633 3
1067 1078 1092 
1634 3
1068 1070 1102 
1635 3
1068 1102 1115 
1636 3
1068 1115 1120 
1637 3
1069 1070 1094 
1638 3
1069 1071 1094 
1639 3
1070 1094 1098 
1640 3
1070 1098 1102 
1641 3
1071 1077 1094 
1642 3
1073 1109 1111 
1643 3
1074 1075 1093 
1644 3
1074 1091 1104 
1645 3
1074 1093 1105 
1646 3
1074 1093 1119 
1647 3
1074 1104 1135 
1648 3
1074 1119 1150 
1649 3
1074 1135 1150 
1650 3
1075 1080 1093 
1651 3
1076 1079 1103 
1652 3
1076 1081 1100 
1653 3
1076 1100 1103 
1654 3
1077 1094 1098 
1655 3
1077 1098 1102 
1656 3
1077 1102 1113 
1657 3
1077 1113 1117 
1658 3
1078 1092 1101 
1659 3
1079 1084 1103 
1660 3
1080 1093 1095 
1661 3
1082 1083 1108 
1662 3
1082 1096 1126 
1663 3
1082 1108 1126 
1664 3
1083 1085 1099 
1665 3
1083 1099 1127 
1666 3
1083 1108 1127 
1667 3
1084 1092 1101 
1668 3
1084 1101 1107 
1669 3
1084 1103 1107 
1670 3
1085 1086 1088 
1671 3
1085 1088 1118 
1672 3
1085 1099 1129 
1673 3
1085 1118 1131 
1674 3
1085 1129 1131 
1675 3
1087 1095 1110 
1676 3
1087 1097 1136 
1677 3
1087 1110 1124 
1678 3
1087 1124 1136 
1679 3
1088 1089 1118 
1680 3
1089 1090 1118 
1681 3
1090 1091 1116 
1682 3
1090 1116 1134 
1683 3
1090 1118 1134 
1684 3
1091 1104 1116 
1685 3
1095 1110 1138 
1686 3
1096 1125 1126 
1687 3
1099 1127 1129 
1688 3
1100 1103 1106 
1689 3
1102 1113 1115 
1690 3
1103 1106 1123 
1691 3
1103 1107 1122 
1692 3
1103 1122 1128 
1693 3
1103 1123 1130 
1694 3
1103 1128 1130 
1695 3
1104 1116 1135 
1696 3
1108 1126 1127 
1697 3
1109 1111 1133 
1698 3
1109 1120 1132 
1699 3
1109 1133 1149 
1700 3
1110 1124 1140 
1701 3
1110 1138 1140 
1702 3
1113 1115 1117 
1703 3
1116 1134 1145 
1704 3
1117 1144 1153 
1705 3
1118 1131 1139 
1706 3
1118 1134 1145 
1707 3
1118 1139 1145 
1708 3
1119 1138 1157 
1709 3
1119 1150 1157 
1710 3
1121 1122 1147 
1711 3
1121 1147 1156 
1712 3
1122 1128 1147 
1713 3
1123 1125 1141 
1714 3
1123 1130 1141 
1715 3
1124 1136 1140 
1716 3
1125 1126 1146 
1717 3
1125 1141 1146 
1718 3
1126 1127 1155 
1719 3
1126 1146 1160 
1720 3
1126 1155 1160 
1721 3
1127 1129 1151 
1722 3
1127 1151 1163 
1723 3
1127 1155 1163 
1724 3
1128 1130 1165 
1725 3
1128 1147 1156 
1726 3
1128 1156 1165 
1727 3
1129 1131 1164 
1728 3
1129 1151 1164 
1729 3
1130 1159 1170 
1730 3
1130 1165 1170 
1731 3
1133 1149 1162 
1732 3
1136 1140 1143 
1733 3
1136 1143 1161 
1734 3
1138 1140 1143 
1735 3
1138 1143 1161 
1736 3
1138 1157 1161 
1737 3
1139 1145 1166 
1738 3
1148 1152 1174 
1739 3
1148 1174 1184 
1740 3
1149 1162 1176 
1741 3
1151 1163 1168 
1742 3
1151 1164 1175 
1743 3
1151 1168 1171 
1744 3
1151 1171 1175 
1745 3
1152 1153 1177 
1746 3
1152 1174 1185 
1747 3
1152 1177 1185 
1748 3
1153 1154 1182 
1749 3
1154 1156 1179 
1750 3
1154 1172 1179 
1751 3
1154 1179 1182 
1752 3
1155 1160 1178 
1753 3
1155 1163 1178 
1754 3
1156 1179 1188 
1755 3
1157 1169 1173 
1756 3
1159 1160 1180 
1757 3
1159 1170 1180 
1758 3
1160 1178 1180 
1759 3
1162 1176 1198 
1760 3
1163 1168 1178 
1761 3
1167 1169 1173 
1762 3
1168 1171 1189 
1763 3
1168 1178 1189 
1764 3
1170 1186 1191 
1765 3
1174 1184 1185 
1766 3
1176 1184 1195 
1767 3
1176 1195 1198 
1768 3
1177 1181 1185 
1769 3
1178 1180 1192 
1770 3
1178 1192 1204 
1771 3
1178 1203 1223 
1772 3
1179 1181 1182 
1773 3
1179 1181 1205 
1774 3
1179 1188 1193 
1775 3
1179 1193 1208 
1776 3
1179 1205 1208 
1777 3
1181 1185 1215 
1778 3
1181 1205 1215 
1779 3
1183 1198 1200 
1780 3
1184 1185 1194 
1781 3
1184 1194 1195 
1782 3
1185 1194 1199 
1783 3
1185 1199 1211 
1784 3
1185 1211 1215 
1785 3
1186 1190 1202 
1786 3
1186 1191 1192 
1787 3
1186 1202 1206 
1788 3
1186 1206 1221 
1789 3
1188 1193 1217 
1790 3
1188 1201 1218 
1791 3
1188 1217 1218 
1792 3
1190 1197 1202 
1793 3
1190 1201 1202 
1794 3
1192 1204 1222 
1795 3
1193 1208 1216 
1796 3
1193 1216 1217 
1797 3
1198 1200 1209 
1798 3
1198 1207 1209 
1799 3
1199 1211 1214 
1800 3
1199 1213 1214 
1801 3
1202 1206 1220 
1802 3
1202 1219 1220 
1803 3
1205 1208 1216 
1804 3
1205 1215 1216 
1805 3
1206 1220 1221 
1806 3
1209 1210 1226 
1807 3
1210 1213 1236 
1808 3
1210 1226 1241 
1809 3
1210 1236 1241 
1810 3
1211 1214 1215 
1811 3
1213 1214 1242 
1812 3
1214 1215 1242 
1813 3
1216 1217 1231 
1814 3
1216 1231 1243 
1815 3
1217 1218 1229 
1816 3
1217 1229 1231 
1817 3
1218 1219 1220 
1818 3
1218 1220 1230 
1819 3
1218 1229 1237 
1820 3
1220 1230 1246 
1821 3
1220 1244 1246 
1822 3
1226 1238 1240 
1823 3
1226 1238 1241 
1824 3
1228 1232 1239 
1825 3
1229 1231 1243 
1826 3
1229 1237 1243 
1827 3
1232 1233 1239 
1828 3
1233 1235 1250 
1829 3
1233 1239 1258 
1830 3
1233 1250 1256 
1831 3
1233 1256 1264 
1832 3
1233 1258 1264 
1833 3
1235 1249 1250 
1834 3
1236 1238 1241 
1835 3
1237 1246 1254 
1836 3
1237 1254 1271 
1837 3
1237 1269 1271 
1838 3
1238 1241 1245 
1839 3
1238 1257 1262 
1840 3
1239 1240 1251 
1841 3
1239 1251 1258 
1842 3
1240 1251 1259 
1843 3
1242 1260 1266 
1844 3
1243 1260 1261 
1845 3
1243 1261 1268 
1846 3
1244 1246 1252 
1847 3
1244 1247 1252 
1848 3
1246 1252 1254 
1849 3
1249 1250 1255 
1850 3
1249 1253 1255 
1851 3
1250 1255 1256 
1852 3
1251 1258 1259 
1853 3
1252 1254 1265 
1854 3
1253 1255 1274 
1855 3
1254 1265 1271 
1856 3
1255 1256 1264 
1857 3
1255 1274 1280 
1858 3
1255 1280 1282 
1859 3
1257 1262 1263 
1860 3
1257 1262 1270 
1861 3
1258 1264 1275 
1862 3
1258 1275 1281 
1863 3
1258 1281 1283 
1864 3
1258 1283 1284 
1865 3
1259 1279 1286 
1866 3
1259 1285 1286 
1867 3
1261 1268 1272 
1868 3
1261 1272 1287 
1869 3
1261 1287 1295 
1870 3
1262 1263 1278 
1871 3
1262 1278 1288 
1872 3
1263 1266 1289 
1873 3
1263 1278 1291 
1874 3
1263 1289 1291 
1875 3
1265 1269 1271 
1876 3
1266 1289 1293 
1877 3
1266 1293 1294 
1878 3
1268 1269 1272 
1879 3
1274 1277 1280 
1880 3
1275 1281 1290 
1881 3
1275 1282 1299 
1882 3
1275 1290 1299 
1883 3
1277 1280 1305 
1884 3
1277 1292 1296 
1885 3
1277 1292 1305 
1886 3
1278 1288 1291 
1887 3
1280 1302 1306 
1888 3
1280 1305 1306 
1889 3
1281 1290 1298 
1890 3
1282 1299 1303 
1891 3
1282 1302 1307 
1892 3
1282 1303 1307 
1893 3
1284 1298 1311 
1894 3
1284 1309 1313 
1895 3
1284 1311 1313 
1896 3
1285 1286 1300 
1897 3
1285 1300 1310 
1898 3
1286 1300 1312 
1899 3
1288 1291 1301 
1900 3
1289 1291 1304 
1901 3
1289 1293 1317 
1902 3
1289 1304 1317 
1903 3
1290 1298 1299 
1904 3
1291 1301 1304 
1905 3
1292 1305 1308 
1906 3
1298 1299 1311 
1907 3
1299 1303 1314 
1908 3
1299 1311 1314 
1909 3
1300 1310 1316 
1910 3
1300 1312 1316 
1911 3
1301 1304 1319 
1912 3
1301 1312 1319 
1913 3
1302 1307 1318 
1914 3
1303 1307 1314 
1915 3
1304 1316 1319 
1916 3
1305 1306 1321 
1917 3
1305 1308 1315 
1918 3
1305 1315 1321 
1919 3
1307 1314 1325 
1920 3
1307 1318 1320 
1921 3
1307 1320 1323 
1922 3
1307 1323 1325 
1923 3
1309 1310 1316 
1924 3
1309 1313 1322 
1925 3
1309 1316 1322 
1926 3
1311 1313 1324 
1927 3
1311 1314 1324 
1928 3
1312 1316 1319 
1929 3
1313 1322 1324 
1930 3
1314 1324 1331 
1931 3
1314 1325 1331 
1932 3
1315 1321 1329 
1933 3
1316 1322 1327 
1934 3
1318 1320 1332 
1935 3
1318 1321 1326 
1936 3
1318 1326 1332 
1937 3
1320 1323 1331 
1938 3
1320 1331 1332 
1939 3
1321 1326 1328 
1940 3
1321 1328 1329 
1941 3
1322 1327 1330 
1942 3
1323 1325 1331 
1943 3
1326 1328 1333 
1944 3
1326 1332 1333 
1945 3
1329 1333 1338 
1946 3
1331 1332 1335 
1947 3
1331 1335 1337 
1948 3
1332 1333 1335 
1949 3
1333 1335 1337 
1950 3
1333 1338 1340 
1951 3
1338 1339 1340 
1952 3
1341 1342 1343 
1953 3
1341 1343 1346 
1954 3
1341 1344 1346 
1955 3
1343 1346 1347 
1956 3
1344 1345 1346 
1957 3
1346 1347 1350 
1958 3
1347 1348 1350 
1959 3
1351 1352 1354 
1960 3
1351 1354 1356 
1961 3
1352 1353 1355 
1962 3
1352 1354 1355 
1963 3
1353 1355 1358 
1964 3
1353 1358 1359 
1965 3
1354 1355 1358 
1966 3
1354 1356 1357 
1967 3
1354 1357 1358 
1968 3
1356 1357 1361 
1969 3
1357 1358 1361 
1970 3
1358 1359 1362 
1971 3
1360 1361 1363 
1972 4
25 46 48 49 
1973 4
57 75 95 1345 
1974 4
67 96 98 110 
1975 4
75 95 115 1345 
1976 4
76 93 111 141 
1977 4
121 188 204 207 
1978 4
121 188 207 209 
1979 4
158 199 216 242 
1980 4
165 232 252 266 
1981 4
165 308 330 334 
1982 4
193 208 240 279 
1983 4
210 219 224 257 
1984 4
280 303 317 325 
1985 4
282 300 319 371 
1986 4
294 356 357 359 
1987 4
323 385 399 408 
1988 4
356 357 359 376 
1989 4
372 373 410 424 
1990 4
372 373 424 454 
1991 4
389 408 432 460 
1992 4
454 481 506 548 
1993 4
470 519 536 566 
1994 4
475 487 500 517 
1995 4
480 556 559 565 
1996 4
485 488 490 512 
1997 4
512 588 591 594 
1998 4
538 595 597 644 
1999 4
551 554 567 608 
2000 4
592 596 600 621 
2001 4
595 642 644 646 
2002 4
640 665 683 693 
2003 4
652 705 745 746 
2004 4
652 721 726 746 
2005 4
671 728 741 751 
2006 4
676 685 717 734 
2007 4
687 729 1353 1359 
2008 4
693 727 757 766 
2009 4
762 795 798 817 
2010 4
769 775 826 837 
2011 4
858 859 881 904 
2012 4
935 945 981 983 
2013 4
951 998 1002 1003 
2014 4
954 970 977 1003 
2015 4
960 1008 1014 1016 
2016 4
1044 1046 1053 1087 
2017 4
1052 1072 1089 1090 
2018 4
1068 1109 1112 1120 
2019 4
1116 1135 1142 1145 
2020 4
1130 1141 1158 1159 
2021 4
1162 1183 1187 1198 
2022 4
1188 1190 1196 1201 
2023 4
1194 1195 1210 1212 
2024 4
1200 1227 1228 1239 
2025 4
1209 1225 1226 1240 
2026 4
1213 1234 1236 1242 
2027 4
1221 1222 1224 1247 
2028 4
1242 1243 1248 1260 
2029 4
1260 1261 1266 1267 
2030 4
1269 1272 1276 1287 
2031 4
1280 1282 1297 1302 
2032 4
1328 1329 1333 1334 
2033 4
1329 1336 1338 1339 
